x_location	radius	area	Mach	P_P0
0.000000	0.350000	0.384845	0.047305	0.998435
0.001000	0.327662	0.337288	0.053996	0.997962
0.002000	0.318441	0.318571	0.057181	0.997715
0.003000	0.311387	0.304614	0.059812	0.997500
0.004000	0.305458	0.293125	0.062167	0.997299
0.005000	0.300251	0.283216	0.064353	0.997107
0.006000	0.295557	0.274431	0.066424	0.996918
0.007000	0.291255	0.266499	0.068411	0.996731
0.008000	0.287262	0.259243	0.070338	0.996545
0.009000	0.283524	0.252540	0.072216	0.996358
0.010000	0.280000	0.246301	0.074057	0.996170
0.011000	0.276658	0.240457	0.075870	0.995981
0.012000	0.273475	0.234956	0.077659	0.995790
0.013000	0.270432	0.229756	0.079429	0.995596
0.014000	0.267514	0.224824	0.081186	0.995400
0.015000	0.264706	0.220130	0.082931	0.995201
0.016000	0.262000	0.215651	0.084668	0.994998
0.017000	0.259385	0.211369	0.086399	0.994792
0.018000	0.256855	0.207265	0.088126	0.994583
0.019000	0.254402	0.203325	0.089850	0.994369
0.020000	0.252020	0.199536	0.091573	0.994152
0.021000	0.249705	0.195887	0.093297	0.993931
0.022000	0.247452	0.192368	0.095022	0.993705
0.023000	0.245257	0.188971	0.096749	0.993475
0.024000	0.243117	0.185686	0.098481	0.993241
0.025000	0.241028	0.182509	0.100216	0.993001
0.026000	0.238986	0.179431	0.101957	0.992757
0.027000	0.236991	0.176447	0.103703	0.992508
0.028000	0.235039	0.173552	0.105456	0.992254
0.029000	0.233128	0.170742	0.107216	0.991995
0.030000	0.231257	0.168011	0.108983	0.991730
0.031000	0.229422	0.165356	0.110759	0.991460
0.032000	0.227624	0.162774	0.112543	0.991184
0.033000	0.225859	0.160260	0.114336	0.990903
0.034000	0.224127	0.157811	0.116139	0.990615
0.035000	0.222426	0.155426	0.117952	0.990322
0.036000	0.220756	0.153100	0.119774	0.990022
0.037000	0.219115	0.150832	0.121608	0.989717
0.038000	0.217501	0.148618	0.123452	0.989404
0.039000	0.215914	0.146458	0.125308	0.989086
0.040000	0.214353	0.144348	0.127175	0.988760
0.041000	0.212818	0.142287	0.129055	0.988428
0.042000	0.211306	0.140273	0.130946	0.988089
0.043000	0.209818	0.138304	0.132850	0.987743
0.044000	0.208353	0.136379	0.134767	0.987390
0.045000	0.206909	0.134496	0.136696	0.987029
0.046000	0.205487	0.132653	0.138639	0.986661
0.047000	0.204086	0.130850	0.140596	0.986285
0.048000	0.202704	0.129085	0.142566	0.985902
0.049000	0.201343	0.127357	0.144550	0.985510
0.050000	0.200000	0.125664	0.146548	0.985111
0.051000	0.198676	0.124005	0.148561	0.984703
0.052000	0.197370	0.122380	0.150588	0.984287
0.053000	0.196081	0.120787	0.152630	0.983862
0.054000	0.194810	0.119226	0.154687	0.983429
0.055000	0.193555	0.117695	0.156760	0.982987
0.056000	0.192317	0.116194	0.158848	0.982536
0.057000	0.191094	0.114722	0.160951	0.982076
0.058000	0.189888	0.113277	0.163070	0.981606
0.059000	0.188696	0.111860	0.165205	0.981127
0.060000	0.187519	0.110469	0.167356	0.980639
0.061000	0.186357	0.109104	0.169524	0.980141
0.062000	0.185209	0.107764	0.171708	0.979632
0.063000	0.184075	0.106449	0.173909	0.979114
0.064000	0.182955	0.105157	0.176127	0.978585
0.065000	0.181848	0.103889	0.178362	0.978046
0.066000	0.180755	0.102643	0.180613	0.977496
0.067000	0.179674	0.101419	0.182883	0.976936
0.068000	0.178606	0.100217	0.185170	0.976364
0.069000	0.177550	0.099036	0.187474	0.975782
0.070000	0.176506	0.097875	0.189796	0.975188
0.071000	0.175475	0.096734	0.192137	0.974582
0.072000	0.174455	0.095613	0.194495	0.973965
0.073000	0.173447	0.094511	0.196872	0.973336
0.074000	0.172450	0.093428	0.199267	0.972694
0.075000	0.171464	0.092363	0.201681	0.972041
0.076000	0.170490	0.091316	0.204114	0.971375
0.077000	0.169526	0.090286	0.206565	0.970696
0.078000	0.168572	0.089273	0.209036	0.970005
0.079000	0.167629	0.088278	0.211525	0.969300
0.080000	0.166697	0.087298	0.214034	0.968583
0.081000	0.165775	0.086335	0.216563	0.967851
0.082000	0.164862	0.085387	0.219111	0.967107
0.083000	0.163960	0.084455	0.221679	0.966348
0.084000	0.163067	0.083537	0.224267	0.965575
0.085000	0.162184	0.082635	0.226875	0.964789
0.086000	0.161310	0.081747	0.229503	0.963987
0.087000	0.160445	0.080873	0.232151	0.963171
0.088000	0.159590	0.080013	0.234820	0.962340
0.089000	0.158744	0.079167	0.237509	0.961495
0.090000	0.157906	0.078334	0.240219	0.960633
0.091000	0.157078	0.077514	0.242950	0.959757
0.092000	0.156258	0.076707	0.245702	0.958864
0.093000	0.155447	0.075912	0.248475	0.957956
0.094000	0.154644	0.075130	0.251269	0.957032
0.095000	0.153850	0.074361	0.254085	0.956091
0.096000	0.153063	0.073603	0.256922	0.955134
0.097000	0.152286	0.072856	0.259780	0.954160
0.098000	0.151516	0.072122	0.262661	0.953169
0.099000	0.150754	0.071398	0.265563	0.952161
0.100000	0.150000	0.070686	0.268487	0.951135
0.101000	0.149254	0.069984	0.271433	0.950092
0.102000	0.148516	0.069294	0.274402	0.949030
0.103000	0.147785	0.068613	0.277392	0.947951
0.104000	0.147062	0.067944	0.280406	0.946854
0.105000	0.146346	0.067284	0.283441	0.945737
0.106000	0.145638	0.066634	0.286500	0.944603
0.107000	0.144937	0.065994	0.289581	0.943449
0.108000	0.144243	0.065364	0.292685	0.942276
0.109000	0.143556	0.064743	0.295812	0.941083
0.110000	0.142877	0.064132	0.298963	0.939871
0.111000	0.142204	0.063530	0.302136	0.938639
0.112000	0.141539	0.062936	0.305333	0.937387
0.113000	0.140880	0.062352	0.308553	0.936115
0.114000	0.140229	0.061777	0.311797	0.934822
0.115000	0.139584	0.061210	0.315064	0.933509
0.116000	0.138946	0.060651	0.318356	0.932174
0.117000	0.138314	0.060101	0.321671	0.930818
0.118000	0.137689	0.059559	0.325010	0.929441
0.119000	0.137070	0.059025	0.328373	0.928042
0.120000	0.136458	0.058499	0.331761	0.926622
0.121000	0.135853	0.057981	0.335172	0.925179
0.122000	0.135254	0.057471	0.338608	0.923714
0.123000	0.134661	0.056968	0.342069	0.922227
0.124000	0.134074	0.056473	0.345554	0.920717
0.125000	0.133494	0.055985	0.349063	0.919184
0.126000	0.132919	0.055504	0.352598	0.917628
0.127000	0.132351	0.055031	0.356157	0.916049
0.128000	0.131789	0.054564	0.359742	0.914446
0.129000	0.131233	0.054105	0.363351	0.912819
0.130000	0.130683	0.053652	0.366985	0.911169
0.131000	0.130139	0.053206	0.370645	0.909494
0.132000	0.129600	0.052767	0.374330	0.907795
0.133000	0.129068	0.052334	0.378040	0.906072
0.134000	0.128541	0.051908	0.381776	0.904324
0.135000	0.128020	0.051488	0.385537	0.902551
0.136000	0.127505	0.051075	0.389324	0.900753
0.137000	0.126996	0.050667	0.393136	0.898929
0.138000	0.126492	0.050266	0.396975	0.897081
0.139000	0.125993	0.049871	0.400839	0.895206
0.140000	0.125501	0.049481	0.404729	0.893306
0.141000	0.125013	0.049098	0.408646	0.891380
0.142000	0.124532	0.048720	0.412588	0.889428
0.143000	0.124055	0.048348	0.416556	0.887450
0.144000	0.123584	0.047982	0.420551	0.885445
0.145000	0.123119	0.047621	0.424572	0.883414
0.146000	0.122659	0.047266	0.428619	0.881356
0.147000	0.122204	0.046916	0.432693	0.879271
0.148000	0.121755	0.046571	0.436793	0.877159
0.149000	0.121310	0.046232	0.440920	0.875020
0.150000	0.120871	0.045898	0.445074	0.872854
0.151000	0.120437	0.045569	0.449254	0.870660
0.152000	0.120009	0.045245	0.453461	0.868439
0.153000	0.119585	0.044927	0.457695	0.866190
0.154000	0.119167	0.044613	0.461955	0.863914
0.155000	0.118753	0.044304	0.466243	0.861610
0.156000	0.118345	0.044000	0.470558	0.859278
0.157000	0.117942	0.043700	0.474899	0.856918
0.158000	0.117544	0.043406	0.479268	0.854529
0.159000	0.117150	0.043116	0.483664	0.852113
0.160000	0.116762	0.042830	0.488087	0.849668
0.161000	0.116379	0.042550	0.492537	0.847195
0.162000	0.116000	0.042273	0.497015	0.844694
0.163000	0.115626	0.042001	0.501520	0.842164
0.164000	0.115258	0.041734	0.506052	0.839606
0.165000	0.114894	0.041471	0.510612	0.837019
0.166000	0.114535	0.041212	0.515199	0.834404
0.167000	0.114180	0.040957	0.519814	0.831761
0.168000	0.113831	0.040707	0.524456	0.829088
0.169000	0.113486	0.040461	0.529126	0.826387
0.170000	0.113146	0.040218	0.533824	0.823658
0.171000	0.112810	0.039980	0.538549	0.820900
0.172000	0.112479	0.039746	0.543302	0.818113
0.173000	0.112153	0.039516	0.548082	0.815298
0.174000	0.111832	0.039290	0.552891	0.812454
0.175000	0.111515	0.039068	0.557727	0.809582
0.176000	0.111203	0.038849	0.562591	0.806682
0.177000	0.110895	0.038635	0.567483	0.803753
0.178000	0.110592	0.038424	0.572402	0.800796
0.179000	0.110294	0.038217	0.577350	0.797810
0.180000	0.110000	0.038013	0.582325	0.794797
0.181000	0.109711	0.037814	0.587329	0.791755
0.182000	0.109426	0.037617	0.592360	0.788685
0.183000	0.109145	0.037425	0.597420	0.785588
0.184000	0.108869	0.037236	0.602507	0.782463
0.185000	0.108598	0.037050	0.607622	0.779310
0.186000	0.108331	0.036868	0.612766	0.776129
0.187000	0.108068	0.036690	0.617937	0.772922
0.188000	0.107810	0.036515	0.623137	0.769687
0.189000	0.107556	0.036343	0.628364	0.766425
0.190000	0.107307	0.036175	0.633620	0.763136
0.191000	0.107062	0.036010	0.638904	0.759820
0.192000	0.106821	0.035848	0.644216	0.756478
0.193000	0.106585	0.035689	0.649555	0.753110
0.194000	0.106353	0.035534	0.654923	0.749716
0.195000	0.106125	0.035382	0.660320	0.746295
0.196000	0.105902	0.035233	0.665744	0.742850
0.197000	0.105683	0.035088	0.671196	0.739378
0.198000	0.105468	0.034945	0.676677	0.735882
0.199000	0.105257	0.034806	0.682185	0.732360
0.200000	0.105051	0.034670	0.687722	0.728814
0.201000	0.104849	0.034537	0.693286	0.725243
0.202000	0.104651	0.034406	0.698879	0.721649
0.203000	0.104458	0.034279	0.704500	0.718030
0.204000	0.104268	0.034155	0.710149	0.714388
0.205000	0.104083	0.034034	0.715826	0.710723
0.206000	0.103902	0.033916	0.721531	0.707035
0.207000	0.103726	0.033801	0.727265	0.703324
0.208000	0.103553	0.033688	0.733026	0.699591
0.209000	0.103385	0.033579	0.738815	0.695837
0.210000	0.103221	0.033472	0.744632	0.692060
0.211000	0.103061	0.033368	0.750477	0.688263
0.212000	0.102905	0.033268	0.756351	0.684444
0.213000	0.102753	0.033170	0.762252	0.680605
0.214000	0.102606	0.033074	0.768181	0.676747
0.215000	0.102462	0.032982	0.774138	0.672868
0.216000	0.102323	0.032892	0.780123	0.668970
0.217000	0.102188	0.032805	0.786135	0.665053
0.218000	0.102056	0.032721	0.792176	0.661118
0.219000	0.101929	0.032640	0.798244	0.657165
0.220000	0.101807	0.032561	0.804341	0.653194
0.221000	0.101688	0.032485	0.810465	0.649206
0.222000	0.101573	0.032412	0.816617	0.645202
0.223000	0.101462	0.032341	0.822796	0.641181
0.224000	0.101356	0.032273	0.829003	0.637144
0.225000	0.101253	0.032208	0.835238	0.633092
0.226000	0.101155	0.032146	0.841501	0.629026
0.227000	0.101060	0.032086	0.847791	0.624944
0.228000	0.100970	0.032028	0.854108	0.620849
0.229000	0.100884	0.031974	0.860454	0.616741
0.230000	0.100801	0.031921	0.866826	0.612619
0.231000	0.100723	0.031872	0.873227	0.608486
0.232000	0.100649	0.031825	0.879654	0.604340
0.233000	0.100579	0.031781	0.886109	0.600183
0.234000	0.100513	0.031739	0.892592	0.596015
0.235000	0.100450	0.031700	0.899101	0.591836
0.236000	0.100392	0.031663	0.905638	0.587648
0.237000	0.100338	0.031629	0.912203	0.583451
0.238000	0.100288	0.031597	0.918794	0.579244
0.239000	0.100242	0.031568	0.925413	0.575030
0.240000	0.100200	0.031542	0.932059	0.570808
0.241000	0.100162	0.031518	0.938732	0.566578
0.242000	0.100128	0.031496	0.945431	0.562342
0.243000	0.100098	0.031478	0.952158	0.558100
0.244000	0.100072	0.031461	0.958912	0.553852
0.245000	0.100050	0.031447	0.965693	0.549600
0.246000	0.100032	0.031436	0.972501	0.545343
0.247000	0.100018	0.031427	0.979336	0.541082
0.248000	0.100008	0.031421	0.986197	0.536818
0.249000	0.100002	0.031417	0.993085	0.532551
0.250000	0.100000	0.031416	1.000000	0.528282
0.251000	0.100002	0.031417	1.006942	0.524011
0.252000	0.100008	0.031421	1.013909	0.519739
0.253000	0.100018	0.031427	1.020904	0.515467
0.254000	0.100032	0.031436	1.027926	0.511194
0.255000	0.100050	0.031447	1.034973	0.506923
0.256000	0.100072	0.031461	1.042048	0.502652
0.257000	0.100098	0.031478	1.049148	0.498383
0.258000	0.100128	0.031496	1.056275	0.494116
0.259000	0.100162	0.031518	1.063428	0.489852
0.260000	0.100200	0.031542	1.070608	0.485592
0.261000	0.100242	0.031568	1.077814	0.481335
0.262000	0.100288	0.031597	1.085045	0.477083
0.263000	0.100338	0.031629	1.092303	0.472836
0.264000	0.100392	0.031663	1.099587	0.468594
0.265000	0.100450	0.031700	1.106898	0.464358
0.266000	0.100513	0.031739	1.114234	0.460129
0.267000	0.100579	0.031781	1.121596	0.455907
0.268000	0.100649	0.031825	1.128983	0.451693
0.269000	0.100723	0.031872	1.136397	0.447486
0.270000	0.100801	0.031921	1.143837	0.443289
0.271000	0.100884	0.031974	1.151302	0.439100
0.272000	0.100970	0.032028	1.158793	0.434922
0.273000	0.101060	0.032086	1.166310	0.430753
0.274000	0.101155	0.032146	1.173852	0.426595
0.275000	0.101253	0.032208	1.181420	0.422449
0.276000	0.101356	0.032273	1.189013	0.418314
0.277000	0.101462	0.032341	1.196632	0.414191
0.278000	0.101573	0.032412	1.204276	0.410081
0.279000	0.101688	0.032485	1.211946	0.405984
0.280000	0.101807	0.032561	1.219641	0.401900
0.281000	0.101929	0.032640	1.227362	0.397831
0.282000	0.102056	0.032721	1.235108	0.393776
0.283000	0.102188	0.032805	1.242878	0.389736
0.284000	0.102323	0.032892	1.250675	0.385711
0.285000	0.102462	0.032982	1.258496	0.381702
0.286000	0.102606	0.033074	1.266342	0.377709
0.287000	0.102753	0.033170	1.274214	0.373732
0.288000	0.102905	0.033268	1.282111	0.369773
0.289000	0.103061	0.033368	1.290032	0.365831
0.290000	0.103221	0.033472	1.297979	0.361907
0.291000	0.103385	0.033579	1.305951	0.358001
0.292000	0.103553	0.033688	1.313947	0.354114
0.293000	0.103726	0.033801	1.321969	0.350245
0.294000	0.103902	0.033916	1.330015	0.346396
0.295000	0.104083	0.034034	1.338086	0.342566
0.296000	0.104268	0.034155	1.346182	0.338757
0.297000	0.104458	0.034279	1.354302	0.334967
0.298000	0.104651	0.034406	1.362448	0.331199
0.299000	0.104849	0.034537	1.370618	0.327451
0.300000	0.105051	0.034670	1.378813	0.323724
0.301000	0.105257	0.034806	1.387032	0.320019
0.302000	0.105468	0.034945	1.395277	0.316336
0.303000	0.105683	0.035088	1.403545	0.312675
0.304000	0.105902	0.035233	1.411839	0.309037
0.305000	0.106125	0.035382	1.420157	0.305421
0.306000	0.106353	0.035534	1.428499	0.301828
0.307000	0.106585	0.035689	1.436867	0.298258
0.308000	0.106821	0.035848	1.445258	0.294711
0.309000	0.107062	0.036010	1.453675	0.291188
0.310000	0.107307	0.036175	1.462115	0.287689
0.311000	0.107556	0.036343	1.470581	0.284214
0.312000	0.107810	0.036515	1.479070	0.280764
0.313000	0.108068	0.036690	1.487585	0.277337
0.314000	0.108331	0.036868	1.496124	0.273936
0.315000	0.108598	0.037050	1.504687	0.270559
0.316000	0.108869	0.037236	1.513275	0.267208
0.317000	0.109145	0.037425	1.521887	0.263881
0.318000	0.109426	0.037617	1.530524	0.260580
0.319000	0.109711	0.037814	1.539185	0.257304
0.320000	0.110000	0.038013	1.547871	0.254054
0.321000	0.110294	0.038217	1.556581	0.250829
0.322000	0.110592	0.038424	1.565316	0.247631
0.323000	0.110895	0.038635	1.574076	0.244458
0.324000	0.111203	0.038849	1.582860	0.241311
0.325000	0.111515	0.039068	1.591668	0.238191
0.326000	0.111832	0.039290	1.600501	0.235096
0.327000	0.112153	0.039516	1.609359	0.232028
0.328000	0.112479	0.039746	1.618242	0.228987
0.329000	0.112810	0.039980	1.627149	0.225972
0.330000	0.113146	0.040218	1.636081	0.222983
0.331000	0.113483	0.040459	1.644976	0.220041
0.332000	0.113821	0.040700	1.653774	0.217165
0.333000	0.114159	0.040942	1.662480	0.214352
0.334000	0.114497	0.041185	1.671096	0.211599
0.335000	0.114834	0.041428	1.679625	0.208905
0.336000	0.115172	0.041672	1.688070	0.206268
0.337000	0.115510	0.041917	1.696434	0.203686
0.338000	0.115848	0.042162	1.704719	0.201156
0.339000	0.116185	0.042409	1.712927	0.198678
0.340000	0.116523	0.042655	1.721061	0.196249
0.341000	0.116861	0.042903	1.729123	0.193868
0.342000	0.117199	0.043151	1.737115	0.191534
0.343000	0.117536	0.043401	1.745039	0.189244
0.344000	0.117874	0.043650	1.752897	0.186999
0.345000	0.118212	0.043901	1.760690	0.184796
0.346000	0.118550	0.044152	1.768421	0.182634
0.347000	0.118888	0.044404	1.776090	0.180512
0.348000	0.119225	0.044657	1.783700	0.178428
0.349000	0.119563	0.044910	1.791251	0.176383
0.350000	0.119901	0.045164	1.798746	0.174374
0.351000	0.120239	0.045419	1.806185	0.172401
0.352000	0.120576	0.045675	1.813571	0.170463
0.353000	0.120914	0.045931	1.820903	0.168559
0.354000	0.121252	0.046188	1.828183	0.166687
0.355000	0.121590	0.046445	1.835414	0.164848
0.356000	0.121927	0.046704	1.842594	0.163040
0.357000	0.122265	0.046963	1.849727	0.161263
0.358000	0.122603	0.047223	1.856812	0.159515
0.359000	0.122941	0.047483	1.863850	0.157796
0.360000	0.123278	0.047745	1.870844	0.156106
0.361000	0.123616	0.048007	1.877793	0.154443
0.362000	0.123954	0.048269	1.884698	0.152807
0.363000	0.124292	0.048533	1.891560	0.151197
0.364000	0.124629	0.048797	1.898381	0.149613
0.365000	0.124967	0.049062	1.905161	0.148054
0.366000	0.125305	0.049327	1.911900	0.146520
0.367000	0.125643	0.049593	1.918600	0.145010
0.368000	0.125981	0.049860	1.925260	0.143523
0.369000	0.126318	0.050128	1.931883	0.142058
0.370000	0.126656	0.050397	1.938468	0.140617
0.371000	0.126994	0.050666	1.945017	0.139197
0.372000	0.127332	0.050936	1.951529	0.137798
0.373000	0.127669	0.051206	1.958006	0.136421
0.374000	0.128007	0.051478	1.964448	0.135064
0.375000	0.128345	0.051750	1.970855	0.133727
0.376000	0.128683	0.052022	1.977229	0.132410
0.377000	0.129020	0.052296	1.983569	0.131112
0.378000	0.129358	0.052570	1.989877	0.129832
0.379000	0.129696	0.052845	1.996152	0.128572
0.380000	0.130034	0.053120	2.002396	0.127329
0.381000	0.130371	0.053397	2.008609	0.126104
0.382000	0.130709	0.053674	2.014791	0.124896
0.383000	0.131047	0.053951	2.020942	0.123706
0.384000	0.131385	0.054230	2.027064	0.122532
0.385000	0.131722	0.054509	2.033157	0.121374
0.386000	0.132060	0.054789	2.039221	0.120233
0.387000	0.132398	0.055070	2.045256	0.119107
0.388000	0.132736	0.055351	2.051263	0.117997
0.389000	0.133073	0.055633	2.057242	0.116901
0.390000	0.133411	0.055916	2.063195	0.115821
0.391000	0.133749	0.056199	2.069120	0.114755
0.392000	0.134087	0.056484	2.075019	0.113703
0.393000	0.134425	0.056768	2.080891	0.112666
0.394000	0.134762	0.057054	2.086738	0.111642
0.395000	0.135100	0.057340	2.092559	0.110632
0.396000	0.135438	0.057627	2.098355	0.109634
0.397000	0.135776	0.057915	2.104127	0.108650
0.398000	0.136113	0.058204	2.109874	0.107679
0.399000	0.136451	0.058493	2.115596	0.106720
0.400000	0.136789	0.058783	2.121295	0.105774
0.401000	0.137127	0.059074	2.126970	0.104840
0.402000	0.137464	0.059365	2.132622	0.103918
0.403000	0.137802	0.059657	2.138251	0.103007
0.404000	0.138140	0.059950	2.143858	0.102108
0.405000	0.138478	0.060243	2.149442	0.101220
0.406000	0.138815	0.060538	2.155003	0.100343
0.407000	0.139153	0.060833	2.160543	0.099478
0.408000	0.139491	0.061128	2.166062	0.098622
0.409000	0.139829	0.061425	2.171558	0.097778
0.410000	0.140166	0.061722	2.177034	0.096944
0.411000	0.140504	0.062020	2.182489	0.096120
0.412000	0.140842	0.062318	2.187923	0.095306
0.413000	0.141180	0.062617	2.193337	0.094502
0.414000	0.141517	0.062917	2.198731	0.093708
0.415000	0.141855	0.063218	2.204105	0.092923
0.416000	0.142193	0.063519	2.209459	0.092147
0.417000	0.142531	0.063822	2.214793	0.091381
0.418000	0.142869	0.064124	2.220109	0.090624
0.419000	0.143206	0.064428	2.225405	0.089876
0.420000	0.143544	0.064732	2.230682	0.089137
0.421000	0.143882	0.065037	2.235940	0.088406
0.422000	0.144220	0.065343	2.241181	0.087684
0.423000	0.144557	0.065649	2.246402	0.086970
0.424000	0.144895	0.065956	2.251606	0.086265
0.425000	0.145233	0.066264	2.256792	0.085567
0.426000	0.145571	0.066573	2.261960	0.084878
0.427000	0.145908	0.066882	2.267110	0.084196
0.428000	0.146246	0.067192	2.272243	0.083523
0.429000	0.146584	0.067503	2.277359	0.082857
0.430000	0.146922	0.067814	2.282458	0.082198
0.431000	0.147259	0.068126	2.287540	0.081547
0.432000	0.147597	0.068439	2.292605	0.080903
0.433000	0.147935	0.068753	2.297654	0.080267
0.434000	0.148273	0.069067	2.302687	0.079637
0.435000	0.148610	0.069382	2.307703	0.079015
0.436000	0.148948	0.069698	2.312703	0.078399
0.437000	0.149286	0.070014	2.317687	0.077790
0.438000	0.149624	0.070332	2.322656	0.077188
0.439000	0.149961	0.070650	2.327608	0.076592
0.440000	0.150299	0.070968	2.332546	0.076003
0.441000	0.150637	0.071287	2.337468	0.075420
0.442000	0.150975	0.071608	2.342374	0.074844
0.443000	0.151313	0.071928	2.347266	0.074274
0.444000	0.151650	0.072250	2.352143	0.073710
0.445000	0.151988	0.072572	2.357005	0.073151
0.446000	0.152326	0.072895	2.361853	0.072599
0.447000	0.152664	0.073218	2.366685	0.072053
0.448000	0.153001	0.073543	2.371504	0.071513
0.449000	0.153339	0.073868	2.376308	0.070978
0.450000	0.153677	0.074194	2.381098	0.070449
0.451000	0.154015	0.074520	2.385874	0.069925
0.452000	0.154352	0.074847	2.390636	0.069407
0.453000	0.154690	0.075175	2.395385	0.068894
0.454000	0.155028	0.075504	2.400120	0.068387
0.455000	0.155366	0.075833	2.404841	0.067884
0.456000	0.155703	0.076163	2.409548	0.067387
0.457000	0.156041	0.076494	2.414243	0.066895
0.458000	0.156379	0.076826	2.418924	0.066409
0.459000	0.156717	0.077158	2.423592	0.065927
0.460000	0.157054	0.077491	2.428247	0.065450
0.461000	0.157392	0.077824	2.432889	0.064977
0.462000	0.157730	0.078159	2.437518	0.064510
0.463000	0.158068	0.078494	2.442135	0.064047
0.464000	0.158405	0.078830	2.446739	0.063589
0.465000	0.158743	0.079166	2.451331	0.063136
0.466000	0.159081	0.079504	2.455910	0.062687
0.467000	0.159419	0.079842	2.460477	0.062242
0.468000	0.159757	0.080180	2.465031	0.061802
0.469000	0.160094	0.080520	2.469574	0.061366
0.470000	0.160432	0.080860	2.474104	0.060935
0.471000	0.160770	0.081201	2.478623	0.060508
0.472000	0.161108	0.081542	2.483130	0.060084
0.473000	0.161445	0.081884	2.487625	0.059666
0.474000	0.161783	0.082227	2.492108	0.059251
0.475000	0.162121	0.082571	2.496580	0.058840
0.476000	0.162459	0.082915	2.501040	0.058433
0.477000	0.162796	0.083261	2.505489	0.058030
0.478000	0.163134	0.083606	2.509927	0.057631
0.479000	0.163472	0.083953	2.514353	0.057236
0.480000	0.163810	0.084300	2.518768	0.056844
0.481000	0.164147	0.084648	2.523173	0.056457
0.482000	0.164485	0.084997	2.527566	0.056073
0.483000	0.164823	0.085346	2.531948	0.055692
0.484000	0.165161	0.085697	2.536320	0.055315
0.485000	0.165498	0.086047	2.540680	0.054942
0.486000	0.165836	0.086399	2.545030	0.054572
0.487000	0.166174	0.086751	2.549370	0.054206
0.488000	0.166512	0.087104	2.553699	0.053843
0.489000	0.166849	0.087458	2.558017	0.053484
0.490000	0.167187	0.087812	2.562325	0.053127
0.491000	0.167525	0.088168	2.566623	0.052774
0.492000	0.167863	0.088524	2.570910	0.052425
0.493000	0.168201	0.088880	2.575188	0.052078
0.494000	0.168538	0.089237	2.579455	0.051735
0.495000	0.168876	0.089595	2.583712	0.051395
0.496000	0.169214	0.089954	2.587959	0.051058
0.497000	0.169552	0.090314	2.592197	0.050724
0.498000	0.169889	0.090674	2.596424	0.050393
0.499000	0.170227	0.091035	2.600642	0.050065
0.500000	0.170565	0.091396	2.604850	0.049741
0.501000	0.170903	0.091759	2.609048	0.049418
0.502000	0.171240	0.092122	2.613237	0.049099
0.503000	0.171578	0.092486	2.617416	0.048783
0.504000	0.171916	0.092850	2.621586	0.048470
0.505000	0.172254	0.093215	2.625747	0.048159
0.506000	0.172591	0.093581	2.629898	0.047851
0.507000	0.172929	0.093948	2.634039	0.047546
0.508000	0.173267	0.094315	2.638172	0.047243
0.509000	0.173605	0.094683	2.642296	0.046944
0.510000	0.173942	0.095052	2.646410	0.046647
0.511000	0.174280	0.095421	2.650515	0.046352
0.512000	0.174618	0.095792	2.654612	0.046060
0.513000	0.174956	0.096163	2.658699	0.045771
0.514000	0.175294	0.096534	2.662777	0.045484
0.515000	0.175631	0.096907	2.666847	0.045199
0.516000	0.175969	0.097280	2.670908	0.044917
0.517000	0.176307	0.097654	2.674960	0.044638
0.518000	0.176645	0.098028	2.679004	0.044360
0.519000	0.176982	0.098403	2.683039	0.044086
0.520000	0.177320	0.098779	2.687065	0.043813
0.521000	0.177658	0.099156	2.691083	0.043543
0.522000	0.177996	0.099533	2.695093	0.043275
0.523000	0.178333	0.099911	2.699094	0.043010
0.524000	0.178671	0.100290	2.703086	0.042747
0.525000	0.179009	0.100670	2.707071	0.042486
0.526000	0.179347	0.101050	2.711047	0.042227
0.527000	0.179684	0.101431	2.715015	0.041970
0.528000	0.180022	0.101813	2.718975	0.041716
0.529000	0.180360	0.102195	2.722926	0.041463
0.530000	0.180698	0.102578	2.726870	0.041213
0.531000	0.181035	0.102962	2.730806	0.040965
0.532000	0.181373	0.103347	2.734733	0.040719
0.533000	0.181711	0.103732	2.738653	0.040475
0.534000	0.182049	0.104118	2.742565	0.040233
0.535000	0.182386	0.104505	2.746469	0.039993
0.536000	0.182724	0.104892	2.750365	0.039754
0.537000	0.183062	0.105280	2.754253	0.039518
0.538000	0.183400	0.105669	2.758134	0.039284
0.539000	0.183738	0.106059	2.762007	0.039052
0.540000	0.184075	0.106449	2.765873	0.038821
0.541000	0.184413	0.106840	2.769730	0.038593
0.542000	0.184751	0.107232	2.773581	0.038366
0.543000	0.185089	0.107624	2.777424	0.038141
0.544000	0.185426	0.108017	2.781259	0.037918
0.545000	0.185764	0.108411	2.785087	0.037697
0.546000	0.186102	0.108806	2.788907	0.037478
0.547000	0.186440	0.109201	2.792721	0.037260
0.548000	0.186777	0.109597	2.796527	0.037044
0.549000	0.187115	0.109994	2.800325	0.036830
0.550000	0.187453	0.110391	2.804117	0.036617
0.551000	0.187791	0.110789	2.807901	0.036407
0.552000	0.188128	0.111188	2.811678	0.036198
0.553000	0.188466	0.111588	2.815448	0.035990
0.554000	0.188804	0.111988	2.819212	0.035784
0.555000	0.189142	0.112389	2.822967	0.035580
0.556000	0.189479	0.112791	2.826716	0.035377
0.557000	0.189817	0.113193	2.830459	0.035176
0.558000	0.190155	0.113597	2.834194	0.034977
0.559000	0.190493	0.114000	2.837922	0.034779
0.560000	0.190830	0.114405	2.841643	0.034583
0.561000	0.191168	0.114810	2.845358	0.034388
0.562000	0.191506	0.115216	2.849066	0.034194
0.563000	0.191844	0.115623	2.852767	0.034002
0.564000	0.192182	0.116031	2.856461	0.033812
0.565000	0.192519	0.116439	2.860149	0.033623
0.566000	0.192857	0.116848	2.863830	0.033436
0.567000	0.193195	0.117258	2.867504	0.033250
0.568000	0.193533	0.117668	2.871172	0.033065
0.569000	0.193870	0.118079	2.874833	0.032882
0.570000	0.194208	0.118491	2.878488	0.032700
0.571000	0.194546	0.118903	2.882137	0.032520
0.572000	0.194884	0.119316	2.885778	0.032341
0.573000	0.195221	0.119730	2.889414	0.032163
0.574000	0.195559	0.120145	2.893043	0.031987
0.575000	0.195897	0.120560	2.896666	0.031812
0.576000	0.196235	0.120977	2.900282	0.031638
0.577000	0.196572	0.121393	2.903892	0.031466
0.578000	0.196910	0.121811	2.907496	0.031294
0.579000	0.197248	0.122229	2.911094	0.031125
0.580000	0.197586	0.122648	2.914685	0.030956
0.581000	0.197923	0.123068	2.918271	0.030789
0.582000	0.198261	0.123488	2.921850	0.030623
0.583000	0.198599	0.123909	2.925423	0.030458
0.584000	0.198937	0.124331	2.928990	0.030294
0.585000	0.199274	0.124754	2.932551	0.030132
0.586000	0.199612	0.125177	2.936105	0.029971
0.587000	0.199950	0.125601	2.939654	0.029811
0.588000	0.200288	0.126026	2.943197	0.029652
0.589000	0.200626	0.126451	2.946734	0.029494
0.590000	0.200963	0.126877	2.950265	0.029337
0.591000	0.201301	0.127304	2.953790	0.029182
0.592000	0.201639	0.127732	2.957310	0.029028
0.593000	0.201977	0.128160	2.960823	0.028875
0.594000	0.202314	0.128589	2.964331	0.028723
0.595000	0.202652	0.129019	2.967833	0.028572
0.596000	0.202990	0.129449	2.971329	0.028422
0.597000	0.203328	0.129880	2.974819	0.028273
0.598000	0.203665	0.130312	2.978304	0.028125
0.599000	0.204003	0.130745	2.981783	0.027978
0.600000	0.204341	0.131178	2.985257	0.027833
0.601000	0.204679	0.131612	2.988724	0.027688
0.602000	0.205016	0.132047	2.992187	0.027545
0.603000	0.205354	0.132482	2.995643	0.027402
0.604000	0.205692	0.132918	2.999094	0.027261
0.605000	0.206030	0.133355	3.002540	0.027120
0.606000	0.206367	0.133793	3.005980	0.026981
0.607000	0.206705	0.134231	3.009414	0.026842
0.608000	0.207043	0.134670	3.012844	0.026705
0.609000	0.207381	0.135110	3.016267	0.026568
0.610000	0.207718	0.135550	3.019686	0.026432
0.611000	0.208056	0.135991	3.023099	0.026298
0.612000	0.208394	0.136433	3.026506	0.026164
0.613000	0.208732	0.136876	3.029908	0.026031
0.614000	0.209070	0.137319	3.033305	0.025899
0.615000	0.209407	0.137763	3.036697	0.025768
0.616000	0.209745	0.138208	3.040083	0.025638
0.617000	0.210083	0.138654	3.043464	0.025509
0.618000	0.210421	0.139100	3.046840	0.025381
0.619000	0.210758	0.139547	3.050211	0.025253
0.620000	0.211096	0.139994	3.053577	0.025127
0.621000	0.211434	0.140443	3.056937	0.025001
0.622000	0.211772	0.140892	3.060292	0.024876
0.623000	0.212109	0.141341	3.063642	0.024752
0.624000	0.212447	0.141792	3.066987	0.024629
0.625000	0.212785	0.142243	3.070327	0.024507
0.626000	0.213123	0.142695	3.073662	0.024385
0.627000	0.213460	0.143148	3.076992	0.024265
0.628000	0.213798	0.143601	3.080317	0.024145
0.629000	0.214136	0.144055	3.083637	0.024026
0.630000	0.214474	0.144510	3.086952	0.023908
0.631000	0.214811	0.144966	3.090262	0.023791
0.632000	0.215149	0.145422	3.093567	0.023674
0.633000	0.215487	0.145879	3.096868	0.023558
0.634000	0.215825	0.146336	3.100163	0.023443
0.635000	0.216162	0.146795	3.103453	0.023329
0.636000	0.216500	0.147254	3.106739	0.023215
0.637000	0.216838	0.147714	3.110020	0.023103
0.638000	0.217176	0.148174	3.113296	0.022991
0.639000	0.217514	0.148635	3.116567	0.022879
0.640000	0.217851	0.149097	3.119833	0.022769
0.641000	0.218189	0.149560	3.123095	0.022659
0.642000	0.218527	0.150024	3.126352	0.022550
0.643000	0.218865	0.150488	3.129604	0.022441
0.644000	0.219202	0.150952	3.132852	0.022334
0.645000	0.219540	0.151418	3.136095	0.022227
0.646000	0.219878	0.151884	3.139333	0.022121
0.647000	0.220216	0.152351	3.142567	0.022015
0.648000	0.220553	0.152819	3.145796	0.021910
0.649000	0.220891	0.153287	3.149020	0.021806
0.650000	0.221229	0.153757	3.152240	0.021703
0.651000	0.221567	0.154226	3.155455	0.021600
0.652000	0.221904	0.154697	3.158666	0.021498
0.653000	0.222242	0.155168	3.161872	0.021396
0.654000	0.222580	0.155640	3.165074	0.021295
0.655000	0.222918	0.156113	3.168271	0.021195
0.656000	0.223255	0.156586	3.171464	0.021096
0.657000	0.223593	0.157061	3.174652	0.020997
0.658000	0.223931	0.157535	3.177836	0.020898
0.659000	0.224269	0.158011	3.181015	0.020801
0.660000	0.224607	0.158487	3.184190	0.020704
0.661000	0.224944	0.158964	3.187361	0.020607
0.662000	0.225282	0.159442	3.190527	0.020512
0.663000	0.225620	0.159921	3.193689	0.020416
0.664000	0.225958	0.160400	3.196847	0.020322
0.665000	0.226295	0.160880	3.200000	0.020228
0.666000	0.226633	0.161360	3.203149	0.020134
0.667000	0.226971	0.161842	3.206293	0.020042
0.668000	0.227309	0.162324	3.209434	0.019949
0.669000	0.227646	0.162806	3.212570	0.019858
0.670000	0.227984	0.163290	3.215702	0.019767
0.671000	0.228322	0.163774	3.218829	0.019676
0.672000	0.228660	0.164259	3.221953	0.019586
0.673000	0.228997	0.164744	3.225072	0.019497
0.674000	0.229335	0.165231	3.228187	0.019408
0.675000	0.229673	0.165718	3.231298	0.019320
0.676000	0.230011	0.166206	3.234404	0.019232
0.677000	0.230348	0.166694	3.237507	0.019145
0.678000	0.230686	0.167183	3.240605	0.019058
0.679000	0.231024	0.167673	3.243700	0.018972
0.680000	0.231362	0.168164	3.246790	0.018887
0.681000	0.231699	0.168655	3.249876	0.018802
0.682000	0.232037	0.169147	3.252958	0.018717
0.683000	0.232375	0.169640	3.256036	0.018633
0.684000	0.232713	0.170134	3.259110	0.018550
0.685000	0.233051	0.170628	3.262180	0.018467
0.686000	0.233388	0.171123	3.265246	0.018384
0.687000	0.233726	0.171618	3.268308	0.018302
0.688000	0.234064	0.172115	3.271366	0.018221
0.689000	0.234402	0.172612	3.274420	0.018140
0.690000	0.234739	0.173110	3.277470	0.018059
0.691000	0.235077	0.173608	3.280517	0.017979
0.692000	0.235415	0.174108	3.283559	0.017900
0.693000	0.235753	0.174607	3.286597	0.017821
0.694000	0.236090	0.175108	3.289632	0.017742
0.695000	0.236428	0.175610	3.292662	0.017664
0.696000	0.236766	0.176112	3.295689	0.017587
0.697000	0.237104	0.176614	3.298712	0.017510
0.698000	0.237441	0.177118	3.301731	0.017433
0.699000	0.237779	0.177622	3.304746	0.017357
0.700000	0.238117	0.178127	3.307757	0.017281
0.701000	0.238455	0.178633	3.310765	0.017206
0.702000	0.238792	0.179139	3.313769	0.017131
0.703000	0.239130	0.179646	3.316769	0.017056
0.704000	0.239468	0.180154	3.319765	0.016982
0.705000	0.239806	0.180663	3.322758	0.016909
0.706000	0.240143	0.181172	3.325747	0.016836
0.707000	0.240481	0.181682	3.328732	0.016763
0.708000	0.240819	0.182193	3.331713	0.016691
0.709000	0.241157	0.182704	3.334691	0.016619
0.710000	0.241495	0.183216	3.337665	0.016547
0.711000	0.241832	0.183729	3.340635	0.016477
0.712000	0.242170	0.184243	3.343602	0.016406
0.713000	0.242508	0.184757	3.346565	0.016336
0.714000	0.242846	0.185272	3.349524	0.016266
0.715000	0.243183	0.185788	3.352480	0.016197
0.716000	0.243521	0.186304	3.355432	0.016128
0.717000	0.243859	0.186822	3.358380	0.016059
0.718000	0.244197	0.187339	3.361325	0.015991
0.719000	0.244534	0.187858	3.364267	0.015923
0.720000	0.244872	0.188377	3.367204	0.015856
0.721000	0.245210	0.188897	3.370139	0.015789
0.722000	0.245548	0.189418	3.373069	0.015722
0.723000	0.245885	0.189940	3.375997	0.015656
0.724000	0.246223	0.190462	3.378920	0.015590
0.725000	0.246561	0.190985	3.381840	0.015525
0.726000	0.246899	0.191508	3.384757	0.015460
0.727000	0.247236	0.192033	3.387670	0.015395
0.728000	0.247574	0.192558	3.390580	0.015331
0.729000	0.247912	0.193083	3.393486	0.015267
0.730000	0.248250	0.193610	3.396389	0.015203
0.731000	0.248587	0.194137	3.399288	0.015140
0.732000	0.248925	0.194665	3.402184	0.015077
0.733000	0.249263	0.195194	3.405077	0.015015
0.734000	0.249601	0.195723	3.407966	0.014953
0.735000	0.249939	0.196253	3.410852	0.014891
0.736000	0.250276	0.196784	3.413734	0.014829
0.737000	0.250614	0.197315	3.416613	0.014768
0.738000	0.250952	0.197847	3.419489	0.014707
0.739000	0.251290	0.198380	3.422361	0.014647
0.740000	0.251627	0.198914	3.425230	0.014587
0.741000	0.251965	0.199448	3.428095	0.014527
0.742000	0.252303	0.199983	3.430958	0.014468
0.743000	0.252641	0.200519	3.433817	0.014408
0.744000	0.252978	0.201056	3.436672	0.014350
0.745000	0.253316	0.201593	3.439525	0.014291
0.746000	0.253654	0.202131	3.442374	0.014233
0.747000	0.253992	0.202670	3.445219	0.014175
0.748000	0.254329	0.203209	3.448062	0.014118
0.749000	0.254667	0.203749	3.450901	0.014061
0.750000	0.255005	0.204290	0.452986	0.192549
0.751000	0.255343	0.204831	0.451420	0.192732
0.752000	0.255680	0.205374	0.449864	0.192914
0.753000	0.256018	0.205917	0.448319	0.193094
0.754000	0.256356	0.206460	0.446784	0.193273
0.755000	0.256694	0.207005	0.445259	0.193450
0.756000	0.257031	0.207550	0.443745	0.193626
0.757000	0.257369	0.208096	0.442240	0.193799
0.758000	0.257707	0.208642	0.440746	0.193972
0.759000	0.258045	0.209190	0.439261	0.194143
0.760000	0.258383	0.209738	0.437786	0.194312
0.761000	0.258720	0.210286	0.436321	0.194480
0.762000	0.259058	0.210836	0.434865	0.194646
0.763000	0.259396	0.211386	0.433418	0.194811
0.764000	0.259734	0.211937	0.431981	0.194975
0.765000	0.260071	0.212488	0.430553	0.195137
0.766000	0.260409	0.213040	0.429133	0.195298
0.767000	0.260747	0.213593	0.427723	0.195457
0.768000	0.261085	0.214147	0.426322	0.195615
0.769000	0.261422	0.214702	0.424929	0.195772
0.770000	0.261760	0.215257	0.423545	0.195928
0.771000	0.262098	0.215813	0.422169	0.196082
0.772000	0.262436	0.216369	0.420802	0.196234
0.773000	0.262773	0.216927	0.419444	0.196386
0.774000	0.263111	0.217485	0.418093	0.196536
0.775000	0.263449	0.218043	0.416751	0.196685
0.776000	0.263787	0.218603	0.415417	0.196833
0.777000	0.264124	0.219163	0.414091	0.196980
0.778000	0.264462	0.219724	0.412773	0.197125
0.779000	0.264800	0.220285	0.411462	0.197269
0.780000	0.265138	0.220848	0.410160	0.197412
0.781000	0.265475	0.221411	0.408865	0.197554
0.782000	0.265813	0.221975	0.407578	0.197695
0.783000	0.266151	0.222539	0.406298	0.197834
0.784000	0.266489	0.223104	0.405026	0.197973
0.785000	0.266827	0.223670	0.403761	0.198110
0.786000	0.267164	0.224237	0.402504	0.198246
0.787000	0.267502	0.224804	0.401254	0.198381
0.788000	0.267840	0.225372	0.400011	0.198515
0.789000	0.268178	0.225941	0.398775	0.198648
0.790000	0.268515	0.226510	0.397546	0.198780
0.791000	0.268853	0.227081	0.396324	0.198911
0.792000	0.269191	0.227651	0.395109	0.199041
0.793000	0.269529	0.228223	0.393901	0.199170
0.794000	0.269866	0.228795	0.392699	0.199298
0.795000	0.270204	0.229369	0.391504	0.199425
0.796000	0.270542	0.229942	0.390316	0.199551
0.797000	0.270880	0.230517	0.389135	0.199675
0.798000	0.271217	0.231092	0.387960	0.199799
0.799000	0.271555	0.231668	0.386791	0.199922
0.800000	0.271893	0.232245	0.385629	0.200044
0.801000	0.272231	0.232822	0.384473	0.200165
0.802000	0.272568	0.233400	0.383324	0.200286
0.803000	0.272906	0.233979	0.382181	0.200405
0.804000	0.273244	0.234558	0.381044	0.200523
0.805000	0.273582	0.235139	0.379913	0.200641
0.806000	0.273920	0.235720	0.378788	0.200757
0.807000	0.274257	0.236301	0.377669	0.200873
0.808000	0.274595	0.236884	0.376556	0.200988
0.809000	0.274933	0.237467	0.375449	0.201102
0.810000	0.275271	0.238051	0.374347	0.201215
0.811000	0.275608	0.238635	0.373252	0.201327
0.812000	0.275946	0.239220	0.372162	0.201438
0.813000	0.276284	0.239806	0.371078	0.201549
0.814000	0.276622	0.240393	0.370000	0.201659
0.815000	0.276959	0.240981	0.368927	0.201768
0.816000	0.277297	0.241569	0.367860	0.201876
0.817000	0.277635	0.242157	0.366798	0.201983
0.818000	0.277973	0.242747	0.365742	0.202090
0.819000	0.278310	0.243337	0.364691	0.202195
0.820000	0.278648	0.243928	0.363646	0.202300
0.821000	0.278986	0.244520	0.362606	0.202405
0.822000	0.279324	0.245112	0.361571	0.202508
0.823000	0.279661	0.245706	0.360541	0.202611
0.824000	0.279999	0.246299	0.359517	0.202713
0.825000	0.280337	0.246894	0.358497	0.202814
0.826000	0.280675	0.247489	0.357483	0.202915
0.827000	0.281012	0.248085	0.356474	0.203015
0.828000	0.281350	0.248682	0.355470	0.203114
0.829000	0.281688	0.249279	0.354471	0.203212
0.830000	0.282026	0.249878	0.353477	0.203310
0.831000	0.282364	0.250477	0.352487	0.203407
0.832000	0.282701	0.251076	0.351503	0.203503
0.833000	0.283039	0.251676	0.350523	0.203599
0.834000	0.283377	0.252277	0.349549	0.203694
0.835000	0.283715	0.252879	0.348579	0.203788
0.836000	0.284052	0.253482	0.347613	0.203882
0.837000	0.284390	0.254085	0.346652	0.203975
0.838000	0.284728	0.254689	0.345696	0.204067
0.839000	0.285066	0.255293	0.344745	0.204159
0.840000	0.285403	0.255899	0.343798	0.204250
0.841000	0.285741	0.256505	0.342856	0.204340
0.842000	0.286079	0.257111	0.341918	0.204430
0.843000	0.286417	0.257719	0.340984	0.204519
0.844000	0.286754	0.258327	0.340055	0.204607
0.845000	0.287092	0.258936	0.339131	0.204695
0.846000	0.287430	0.259546	0.338211	0.204783
0.847000	0.287768	0.260156	0.337295	0.204869
0.848000	0.288105	0.260767	0.336383	0.204956
0.849000	0.288443	0.261379	0.335476	0.205041
0.850000	0.288781	0.261991	0.334573	0.205126
0.851000	0.289119	0.262605	0.333674	0.205211
0.852000	0.289456	0.263218	0.332779	0.205294
0.853000	0.289794	0.263833	0.331888	0.205378
0.854000	0.290132	0.264449	0.331002	0.205460
0.855000	0.290470	0.265065	0.330119	0.205542
0.856000	0.290808	0.265681	0.329241	0.205624
0.857000	0.291145	0.266299	0.328367	0.205705
0.858000	0.291483	0.266917	0.327496	0.205785
0.859000	0.291821	0.267536	0.326630	0.205865
0.860000	0.292159	0.268156	0.325767	0.205945
0.861000	0.292496	0.268776	0.324909	0.206024
0.862000	0.292834	0.269397	0.324054	0.206102
0.863000	0.293172	0.270019	0.323203	0.206180
0.864000	0.293510	0.270642	0.322356	0.206257
0.865000	0.293847	0.271265	0.321513	0.206334
0.866000	0.294185	0.271889	0.320673	0.206410
0.867000	0.294523	0.272513	0.319838	0.206486
0.868000	0.294861	0.273139	0.319005	0.206561
0.869000	0.295198	0.273765	0.318177	0.206636
0.870000	0.295536	0.274392	0.317352	0.206711
0.871000	0.295874	0.275019	0.316531	0.206784
0.872000	0.296212	0.275648	0.315714	0.206858
0.873000	0.296549	0.276277	0.314900	0.206931
0.874000	0.296887	0.276906	0.314090	0.207003
0.875000	0.297225	0.277537	0.313283	0.207075
0.876000	0.297563	0.278168	0.312480	0.207147
0.877000	0.297900	0.278800	0.311680	0.207218
0.878000	0.298238	0.279432	0.310884	0.207288
0.879000	0.298576	0.280066	0.310091	0.207358
0.880000	0.298914	0.280700	0.309301	0.207428
0.881000	0.299252	0.281334	0.308515	0.207497
0.882000	0.299589	0.281970	0.307733	0.207566
0.883000	0.299927	0.282606	0.306953	0.207634
0.884000	0.300265	0.283243	0.306177	0.207702
0.885000	0.300603	0.283880	0.305405	0.207769
0.886000	0.300940	0.284519	0.304635	0.207836
0.887000	0.301278	0.285158	0.303869	0.207903
0.888000	0.301616	0.285797	0.303106	0.207969
0.889000	0.301954	0.286438	0.302347	0.208035
0.890000	0.302291	0.287079	0.301590	0.208100
0.891000	0.302629	0.287721	0.300837	0.208165
0.892000	0.302967	0.288363	0.300087	0.208230
0.893000	0.303305	0.289007	0.299340	0.208294
0.894000	0.303642	0.289651	0.298596	0.208358
0.895000	0.303980	0.290296	0.297855	0.208421
0.896000	0.304318	0.290941	0.297117	0.208484
0.897000	0.304656	0.291587	0.296383	0.208546
0.898000	0.304993	0.292234	0.295651	0.208609
0.899000	0.305331	0.292882	0.294923	0.208670
0.900000	0.305669	0.293530	0.294197	0.208732
0.901000	0.306007	0.294179	0.293474	0.208793
0.902000	0.306344	0.294829	0.292755	0.208853
0.903000	0.306682	0.295479	0.292038	0.208914
0.904000	0.307020	0.296131	0.291324	0.208974
0.905000	0.307358	0.296782	0.290613	0.209033
0.906000	0.307696	0.297435	0.289905	0.209092
0.907000	0.308033	0.298088	0.289200	0.209151
0.908000	0.308371	0.298743	0.288498	0.209209
0.909000	0.308709	0.299397	0.287799	0.209268
0.910000	0.309047	0.300053	0.287102	0.209325
0.911000	0.309384	0.300709	0.286408	0.209383
0.912000	0.309722	0.301366	0.285717	0.209440
0.913000	0.310060	0.302024	0.285029	0.209496
0.914000	0.310398	0.302682	0.284343	0.209553
0.915000	0.310735	0.303341	0.283661	0.209609
0.916000	0.311073	0.304001	0.282981	0.209664
0.917000	0.311411	0.304661	0.282303	0.209720
0.918000	0.311749	0.305323	0.281629	0.209775
0.919000	0.312086	0.305985	0.280957	0.209829
0.920000	0.312424	0.306647	0.280287	0.209884
0.921000	0.312762	0.307311	0.279620	0.209938
0.922000	0.313100	0.307975	0.278956	0.209991
0.923000	0.313437	0.308640	0.278295	0.210045
0.924000	0.313775	0.309305	0.277636	0.210098
0.925000	0.314113	0.309971	0.276980	0.210150
0.926000	0.314451	0.310638	0.276326	0.210203
0.927000	0.314788	0.311306	0.275675	0.210255
0.928000	0.315126	0.311974	0.275026	0.210307
0.929000	0.315464	0.312644	0.274380	0.210358
0.930000	0.315802	0.313313	0.273736	0.210409
0.931000	0.316140	0.313984	0.273095	0.210460
0.932000	0.316477	0.314655	0.272456	0.210511
0.933000	0.316815	0.315327	0.271820	0.210561
0.934000	0.317153	0.316000	0.271186	0.210611
0.935000	0.317491	0.316673	0.270554	0.210661
0.936000	0.317828	0.317348	0.269925	0.210710
0.937000	0.318166	0.318022	0.269299	0.210759
0.938000	0.318504	0.318698	0.268675	0.210808
0.939000	0.318842	0.319374	0.268053	0.210857
0.940000	0.319179	0.320051	0.267433	0.210905
0.941000	0.319517	0.320729	0.266816	0.210953
0.942000	0.319855	0.321407	0.266201	0.211001
0.943000	0.320193	0.322087	0.265589	0.211048
0.944000	0.320530	0.322766	0.264979	0.211095
0.945000	0.320868	0.323447	0.264371	0.211142
0.946000	0.321206	0.324128	0.263765	0.211189
0.947000	0.321544	0.324810	0.263162	0.211235
0.948000	0.321881	0.325493	0.262561	0.211281
0.949000	0.322219	0.326177	0.261962	0.211327
0.950000	0.322557	0.326861	0.261365	0.211373
0.951000	0.322895	0.327546	0.260771	0.211418
0.952000	0.323232	0.328231	0.260178	0.211463
0.953000	0.323570	0.328918	0.259588	0.211508
0.954000	0.323908	0.329605	0.259001	0.211553
0.955000	0.324246	0.330292	0.258415	0.211597
0.956000	0.324584	0.330981	0.257831	0.211641
0.957000	0.324921	0.331670	0.257250	0.211685
0.958000	0.325259	0.332360	0.256671	0.211728
0.959000	0.325597	0.333051	0.256094	0.211771
0.960000	0.325935	0.333742	0.255519	0.211815
0.961000	0.326272	0.334434	0.254946	0.211857
0.962000	0.326610	0.335127	0.254375	0.211900
0.963000	0.326948	0.335820	0.253806	0.211942
0.964000	0.327286	0.336514	0.253239	0.211984
0.965000	0.327623	0.337209	0.252675	0.212026
0.966000	0.327961	0.337905	0.252112	0.212068
0.967000	0.328299	0.338601	0.251552	0.212109
0.968000	0.328637	0.339298	0.250993	0.212150
0.969000	0.328974	0.339996	0.250436	0.212191
0.970000	0.329312	0.340695	0.249882	0.212232
0.971000	0.329650	0.341394	0.249329	0.212272
0.972000	0.329988	0.342094	0.248779	0.212313
0.973000	0.330325	0.342795	0.248230	0.212353
0.974000	0.330663	0.343496	0.247684	0.212393
0.975000	0.331001	0.344198	0.247139	0.212432
0.976000	0.331339	0.344901	0.246596	0.212472
0.977000	0.331677	0.345604	0.246055	0.212511
0.978000	0.332014	0.346309	0.245516	0.212550
0.979000	0.332352	0.347014	0.244979	0.212588
0.980000	0.332690	0.347719	0.244444	0.212627
0.981000	0.333028	0.348426	0.243911	0.212665
0.982000	0.333365	0.349133	0.243379	0.212703
0.983000	0.333703	0.349841	0.242850	0.212741
0.984000	0.334041	0.350549	0.242322	0.212779
0.985000	0.334379	0.351258	0.241796	0.212816
0.986000	0.334716	0.351968	0.241273	0.212854
0.987000	0.335054	0.352679	0.240750	0.212891
0.988000	0.335392	0.353391	0.240230	0.212928
0.989000	0.335730	0.354103	0.239712	0.212964
0.990000	0.336067	0.354816	0.239195	0.213001
0.991000	0.336405	0.355529	0.238680	0.213037
0.992000	0.336743	0.356243	0.238167	0.213073
0.993000	0.337081	0.356958	0.237655	0.213109
0.994000	0.337418	0.357674	0.237146	0.213145
0.995000	0.337756	0.358391	0.236638	0.213180
0.996000	0.338094	0.359108	0.236132	0.213215
0.997000	0.338432	0.359826	0.235628	0.213251
0.998000	0.338769	0.360544	0.235125	0.213286
0.999000	0.339107	0.361263	0.234624	0.213320
1.000000	0.339445	0.361983	0.234125	0.213355
